0.00 
0.00 
0.00 
0.00 
0.00 
0.00 
0.00 
0.00 
0.00 
0.00 
0.00 
0.00 
0.00 
0.00 
0.00 
0.00 
0.00 
0.00 
0.00 
0.00 
0.00 
0.00 
0.00 
0.00 
0.00 
0.00 
0.00 
0.00 
0.00 
0.00 
0.00 
0.00 
0.00 
0.00 
0.00 
0.00 
0.00 
0.00 
0.00 
0.00 
0.00 
0.00 
0.00 
0.00 
0.00 
0.00 
0.00 
0.00 
0.00 
0.00 
0.00 
0.00 
1024.00 
1024.00 
1024.00 
1024.00 
1024.00 
1024.00 
1024.00 
1024.00 
1024.00 
1024.00 
1024.00 
1024.00 
1024.00 
2048.00 
2048.00 
2048.00 
2048.00 
2048.00 
2048.00 
2048.00 
2048.00 
2048.00 
2048.00 
2048.00 
2048.00 
2048.00 
2048.00 
2048.00 
2048.00 
2048.00 
2048.00 
3072.00 
3072.00 
3072.00 
3072.00 
3072.00 
3072.00 
3072.00 
3072.00 
3072.00 
3072.00 
3072.00 
3072.00 
3072.00 
4096.00 
4096.00 
4096.00 
4096.00 
4096.00 
4096.00 
4096.00 
4096.00 
4096.00 
4096.00 
5120.00 
5120.00 
5120.00 
5120.00 
5120.00 
5120.00 
5120.00 
5120.00 
5120.00 
6144.00 
6144.00 
6144.00 
6144.00 
6144.00 
6144.00 
6144.00 
6144.00 
7168.00 
7168.00 
7168.00 
7168.00 
7168.00 
7168.00 
7168.00 
7168.00 
8192.00 
8192.00 
8192.00 
8192.00 
8192.00 
8192.00 
9216.00 
9216.00 
9216.00 
9216.00 
9216.00 
10240.00 
10240.00 
10240.00 
10240.00 
10240.00 
10240.00 
10240.00 
10240.00 
11264.00 
11264.00 
11264.00 
12288.00 
12288.00 
12288.00 
12288.00 
12288.00 
12288.00 
13312.00 
13312.00 
13312.00 
13312.00 
2048.00 
