0.00 
0.00 
0.00 
0.00 
0.00 
0.00 
0.00 
0.00 
0.00 
0.00 
0.00 
0.00 
0.00 
0.00 
0.00 
0.00 
0.00 
0.00 
0.00 
0.00 
0.00 
0.00 
0.00 
0.00 
0.00 
0.00 
0.00 
0.00 
0.00 
0.00 
0.00 
0.00 
0.00 
0.00 
0.00 
0.00 
0.00 
0.00 
0.00 
0.00 
0.00 
0.00 
0.00 
0.00 
0.00 
0.00 
0.00 
0.00 
0.00 
0.00 
0.00 
0.00 
138.25 
194.25 
194.25 
194.25 
194.25 
194.25 
194.25 
213.75 
270.75 
341.50 
370.00 
437.25 
502.75 
967.25 
967.25 
967.25 
967.25 
967.25 
967.25 
941.25 
1006.00 
1096.50 
1292.50 
1292.50 
1329.75 
1369.50 
1444.25 
1516.75 
1608.00 
1691.00 
1767.00 
1814.25 
1916.50 
1970.25 
2068.50 
2157.25 
2211.25 
2323.25 
2389.75 
2498.50 
2543.25 
2649.00 
2733.50 
2826.00 
2884.25 
2993.25 
3045.50 
3126.00 
3226.50 
3344.25 
3458.25 
3544.00 
3618.00 
3712.75 
3852.25 
3953.75 
4030.50 
4101.00 
4230.50 
4806.50 
4806.50 
4806.50 
4806.50 
5093.50 
5223.50 
5191.50 
5197.50 
5331.00 
5475.00 
5614.25 
5761.00 
5920.00 
6373.75 
6373.75 
6341.75 
6412.25 
6577.25 
6723.00 
6870.25 
7040.75 
7162.50 
7319.75 
7463.75 
7624.50 
7799.00 
7949.75 
8219.75 
8256.50 
8404.00 
8556.75 
8919.25 
8966.50 
9061.00 
9264.75 
9897.25 
9833.25 
9769.00 
9960.50 
10613.75 
10585.75 
10743.00 
10930.00 
11182.75 
11534.75 
11592.00 
11714.75 
11982.00 
11941.50 
12334.00 
12305.00 
12675.50 
624.25 
