8120 
8155 
8167 
8167 
8171 
8157 
8170 
8171 
8166 
8143 
8167 
8165 
8134 
8170 
8169 
8174 
8134 
8150 
8121 
8114 
8107 
8128 
8123 
8144 
8169 
8171 
8171 
8163 
8146 
8169 
8169 
8168 
8134 
8154 
8174 
8170 
8172 
8160 
8141 
8174 
8165 
7806 
7931 
8075 
8171 
8172 
8175 
8171 
8156 
8168 
8161 
8172 
8161 
8073 
8128 
8117 
8149 
8139 
8144 
8164 
8175 
8154 
8169 
8175 
8148 
7789 
7969 
8143 
8168 
8162 
8139 
8172 
8171 
8171 
8053 
8175 
8173 
8131 
8171 
8170 
8146 
8141 
8143 
8162 
8171 
8171 
8163 
8149 
8174 
8162 
8163 
8163 
8169 
8167 
8174 
8173 
8097 
8149 
8171 
8166 
8168 
8150 
8172 
8162 
8154 
8153 
8039 
8112 
8166 
8151 
8162 
8143 
7947 
8174 
8161 
8124 
7951 
8166 
8161 
8157 
8172 
8171 
8163 
8172 
7818 
8158 
8175 
8175 
8158 
8174 
8174 
8157 
8137 
8174 
8171 
8170 
8153 
8172 
7998 
8153 
8128 
8170 
7861 
8143 
8136 
8168 
7769 
8169 
8141 
8170 
7728 
8170 
7959 
8116 
8088 
7919 
8172 
8165 
8152 
8174 
8124 
8164 
8169 
7564 
