39 
50 
36 
31 
21 
17 
49 
17 
34 
53 
34 
40 
36 
20 
22 
22 
19 
52 
54 
50 
86 
90 
24 
16 
17 
17 
47 
22 
21 
9320
36 
20 
16 
20 
20 
46 
40 
18 
19 
16 
28 
336 
203 
51 
29 
15 
49 
47 
17 
29 
15 
10 
75 
66 
42 
46 
23 
23 
22 
39 
18 
28 
22 
30 
39 
310 
135 
46 
27 
49 
17 
16 
19 
23 
44 
34 
19 
17 
42 
18 
20 
22 
38 
25 
20 
19 
19 
55 
34 
21 
37 
23 
21 
16 
44 
18 
61 
56 
25 
42 
19 
16 
45 
53 
27 
24 
19 
20 
29 
18 
14 
414 
89 
18 
18 
61 
77 
45 
17 
15 
27 
18 
33 
14 
193 
21 
16 
15 
30 
33 
63 
46 
46 
31 
30 
18 
23 
14 
74 
20 
22 
28 
46 
45 
28 
16 
149 
27 
48 
22 
171 
64 
49 
57 
46 
50 
18 
24 
65 
29 
38 
33 
20 
625 
