8085 
8084 
8110 
8102 
8113 
8097 
8117 
8090 
8102 
8108 
8083 
8092 
8091 
8109 
8080 
8089 
8090 
8107 
8109 
8133 
8098 
8111 
8107 
8098 
8094 
8088 
8087 
8083 
8091 
8118 
8112 
8094 
8105 
8095 
8094 
8107 
8096 
8108 
8105 
8113 
8094 
8136 
8115 
8140 
8103 
8117 
8137 
8105 
8111 
8103 
8094 
8095 
8085 
8097 
8074 
8068 
8096 
8050 
8076 
8073 
8081 
8128 
8107 
8111 
8139 
8089 
8107 
8093 
8097 
8156 
8130 
8131 
8117 
8145 
8132 
8150 
8130 
8140 
8135 
8127 
8142 
8115 
7911 
7887 
7905 
7871 
7892 
7901 
7929 
7911 
7908 
7924 
7896 
7907 
7899 
7939 
7924 
7938 
7953 
7927 
7919 
7907 
7930 
7940 
7935 
7930 
7912 
7910 
7928 
7900 
7939 
7988 
7959 
7921 
7961 
7966 
7942 
7974 
7949 
7997 
7984 
7949 
7964 
7990 
7975 
7975 
7990 
7954 
7957 
7957 
7980 
7976 
8034 
7969 
7966 
8023 
7995 
8025 
8029 
8038 
8003 
8042 
8012 
8032 
7994 
8010 
8023 
8056 
8019 
8002 
8015 
8028 
8004 
8015 
8005 
8010 
7981 
8030 
8015 
8033 
8030 
8025 
8001 
8013 
7992 
8022 
8042 
8008 
8026 
8009 
7989 
8026 
8006 
8015 
8010 
8031 
8043 
8014 
8000 
8035 
8039 
8019 
8006 
8015 
8100 
8085 
8102 
8172 
8121 
8125 
8139 
8155 
8138 
8070 
8060 
8071 
8076 
8022 
8041 
8002 
8040 
7971 
8035 
7983 
8006 
8016 
8013 
8004 
8018 
8007 
8013 
8017 
8049 
8026 
8016 
8033 
8021 
8006 
8029 
8015 
7995 
8005 
8020 
8034 
8011 
8046 
8044 
8035 
8034 
8030 
8022 
8074 
8068 
8048 
8019 
8028 
8026 
8040 
8054 
8049 
8025 
8048 
8007 
8027 
8045 
8021 
8040 
8028 
8061 
8029 
8072 
8032 
8049 
8033 
8079 
8037 
8082 
8059 
8069 
8041 
8046 
8065 
8033 
8075 
8046 
8092 
8049 
8067 
8047 
8084 
8074 
8075 
8058 
8066 
8058 
8117 
8094 
8091 
8106 
8080 
8137 
8118 
8104 
8095 
8106 
8081 
8139 
8109 
8094 
8128 
8125 
8101 
8126 
8149 
8105 
8110 
8075 
8118 
8091 
8137 
8099 
8109 
8130 
8120 
8131 
8116 
8122 
8138 
8143 
8111 
8123 
8135 
8108 
8122 
8105 
8130 
8127 
8147 
8113 
8144 
8135 
8141 
8152 
8104 
8159 
8117 
8149 
8096 
8160 
8140 
8109 
8108 
8098 
8156 
8141 
8152 
8145 
8168 
8147 
8121 
8109 
8119 
8164 
8111 
8155 
8142 
8168 
8146 
8169 
8112 
8103 
8106 
8102 
8169 
8119 
8101 
8083 
8124 
8090 
8102 
8074 
8083 
8103 
8153 
8095 
8126 
8110 
8111 
8111 
8154 
8107 
8116 
8113 
8158 
8113 
8124 
8115 
8156 
8096 
8123 
8113 
8144 
8113 
8112 
8133 
8095 
8115 
8109 
8156 
8115 
8138 
8115 
8137 
8117 
8142 
8104 
8140 
8114 
8140 
8119 
8140 
8119 
8138 
8117 
8156 
8118 
8141 
8120 
8129 
8112 
8141 
8123 
8140 
8115 
8124 
8126 
8145 
8142 
8145 
8143 
8113 
8113 
8112 
8109 
8109 
8134 
8124 
8109 
8111 
8146 
8113 
8148 
8125 
8149 
8121 
8126 
8146 
8131 
8122 
8144 
8124 
8136 
8115 
8125 
8117 
8140 
8118 
8128 
8121 
8129 
8121 
8117 
8113 
8160 
8115 
8142 
8124 
8162 
8127 
8142 
8123 
8110 
8111 
8131 
8122 
8101 
8090 
8094 
8135 
8094 
8105 
8111 
8132 
8097 
8133 
8100 
8124 
8109 
8131 
8170 
8170 
8125 
8114 
8174 
8126 
8125 
8123 
8146 
8119 
8118 
8090 
8090 
8082 
8080 
8082 
8082 
8082 
8081 
8071 
8081 
8104 
8081 
8090 
8081 
8117 
8083 
8067 
8041 
8042 
8035 
8056 
8022 
8044 
8036 
8053 
8038 
8026 
8022 
8037 
8030 
8051 
8045 
8095 
8082 
8115 
8061 
8041 
8019 
8079 
8034 
8043 
8035 
8076 
8021 
8044 
8083 
8104 
8062 
8064 
8115 
8045 
8079 
8049 
8104 
8062 
8099 
8078 
8084 
8039 
8047 
8036 
8036 
8030 
8028 
8068 
8028 
8084 
8042 
8045 
8035 
8045 
8019 
8102 
8044 
8066 
8077 
8081 
8059 
8070 
8046 
8100 
8046 
8083 
8053 
8064 
8061 
8127 
8079 
8099 
8102 
8075 
8068 
8080 
8067 
8081 
8073 
8081 
8060 
8060 
8047 
8087 
8047 
8079 
8046 
8055 
8077 
8144 
8117 
8115 
8119 
8146 
8107 
8113 
8130 
8097 
7561 
