98 
107 
74 
75 
83 
93 
75 
76 
96 
58 
86 
87 
63 
85 
63 
85 
64 
83 
72 
80 
59 
80 
79 
89 
103
97 
74 
98 
99 
74 
58 
83 
64 
85 
96 
83 
82 
87 
83 
76 
57 
76 
73 
74 
87 
73 
72 
83 
88 
59 
86 
94 
122 
116 
128 
119 
93 
110 
145 
136 
121 
61 
94 
80 
99 
97 
97 
84 
69 
51 
51 
45 
60 
47 
63 
58 
69 
55 
54 
37 
28 
282 
274 
311 
275 
275 
298 
281 
256 
279 
258 
281 
246 
305 
268 
273 
254 
300 
259 
277 
292 
254 
273 
266 
249 
281 
281 
269 
263 
279 
246 
207 
229 
238 
226 
270 
221 
241 
242 
164 
189 
193 
240 
183 
202 
213 
222 
201 
209 
214 
197 
177 
229 
208 
188 
167 
214 
162 
179 
197 
179 
165 
154 
159 
166 
167 
193 
159 
197 
187 
175 
161 
149 
199 
185 
174 
179 
184 
147 
181 
157 
164 
185 
184 
197 
169 
190 
162 
191 
166 
191 
139 
185 
159 
143 
179 
167 
176 
166 
154 
167 
193 
175 
136 
97 
128 
97 
9472
48 
39 
90 
61 
99 
142 
91 
111 
176 
117 
175 
148 
171 
139 
182 
185 
183 
151 
178 
186 
171 
159 
176 
145 
144 
152 
187 
145 
167 
160 
170 
158 
182 
172 
152 
139 
161 
143 
169 
121 
179 
146 
165 
151 
181 
142 
118 
142 
114 
165 
111 
140 
146 
149 
156 
181 
154 
176 
140 
165 
154 
179 
141 
170 
137 
157 
157 
139 
108 
130 
122 
128 
157 
102 
143 
135 
143 
122 
141 
121 
143 
89 
144 
112 
62 
131 
84 
112 
94 
73 
89 
77 
87 
107 
66 
119 
102 
84 
74 
59 
64 
72 
65 
36 
113 
92 
109 
64 
41 
72 
61 
91 
60 
104 
51 
92 
92 
114 
62 
84 
70 
74 
71 
63 
117 
73 
89 
96 
48 
83 
36 
77 
40 
53 
31 
69 
64 
46 
66 
28 
57 
39 
50 
26 
51 
53 
48 
59 
83 
47 
25 
39 
30 
46 
55 
44 
38 
80 
46 
47 
56 
45 
97 
80 
104 
36 
77 
91 
102 
79 
100 
88 
110 
67 
84 
60 
81 
72 
81 
57 
92 
57 
59 
63 
78 
56 
79 
67 
76 
55 
82 
68 
77 
56 
77 
57 
79 
68 
77 
63 
80 
47 
54 
59 
72 
76 
73 
48 
70 
26 
73 
42 
71 
72 
75 
74 
32 
72 
30 
71 
70 
63 
45 
79 
46 
68 
44 
63 
49 
70 
65 
73 
35 
79 
69 
80 
59 
83 
64 
67 
34 
64 
45 
70 
70 
69 
86 
85 
68 
68 
68 
66 
76 
35 
75 
52 
50 
50 
73 
50 
69 
50 
71 
69 
77 
54 
75 
45 
67 
46 
68 
47 
80 
75 
80 
80 
104 
76 
97 
86 
94 
80 
60 
81 
77 
59 
53 
96 
81 
84 
89 
43 
41 
40 
75 
56 
68 
24 
80 
50 
51 
52 
99 
84 
109 
108 
107 
99 
107 
100 
108 
67 
107 
71 
109 
110 
92 
97 
146 
148 
155 
154 
149 
154 
119 
155 
132 
161 
153 
160 
140 
173 
163 
152 
118 
94 
135 
94 
159 
167 
164 
117 
155 
155 
180 
155 
167 
65 
107 
113 
135 
129 
144 
123 
141 
115 
128 
107 
142 
118 
143 
149 
155 
136 
161 
147 
148 
134 
147 
147 
156 
145 
172 
169 
130 
147 
144 
109 
128 
131 
116 
127 
144 
144 
147 
132 
101 
122 
110 
113 
112 
112 
84 
98 
109 
96 
96 
144 
109 
140 
129 
139 
124 
145 
136 
144 
115 
126 
45 
93 
82 
42 
112 
76 
69 
75 
88 
626 
