1261.00 
1261.00 
1261.00 
1261.00 
1261.00 
1261.00 
1261.00 
1261.00 
1261.00 
1261.00 
1261.00 
1261.00 
1261.00 
1229.00 
1229.00 
1229.00 
1229.00 
1229.00 
1229.00 
1229.00 
1229.00 
1229.00 
1229.00 
1229.00 
1229.00 
1229.00 
1229.00 
1229.00 
1229.00 
1229.00 
1229.00 
1229.00 
1229.00 
1229.00 
1229.00 
1229.00 
1229.00 
1229.00 
1229.00 
1229.00 
1229.00 
1229.00 
1229.00 
1229.00 
1229.00 
1229.00 
1229.00 
1229.00 
1197.00 
1197.00 
1197.00 
1197.00 
1222.25 
1271.00 
1271.00 
1287.00 
1304.75 
1327.00 
1368.50 
1402.50 
1458.25 
1505.00 
1543.50 
1577.00 
1615.25 
1619.75 
2109.25 
2109.25 
2077.25 
2077.25 
2045.25 
2045.25 
1981.25 
1949.25 
1949.25 
1949.25 
1951.25 
1979.75 
1998.75 
2048.25 
2096.75 
2147.75 
2174.50 
2218.00 
2241.00 
2253.75 
2318.75 
2306.75 
2361.50 
2430.50 
2443.75 
2562.50 
2562.50 
2530.50 
2522.50 
2733.50 
2541.50 
2539.75 
2597.50 
2650.25 
2660.00 
2989.75 
2893.75 
2893.75 
2907.75 
2951.75 
3020.00 
3093.00 
3149.25 
3585.25 
3585.25 
3585.25 
3585.25 
3585.25 
3585.25 
3645.50 
3704.75 
3835.00 
3835.00 
3835.00 
3835.00 
3835.00 
3835.00 
3861.25 
3901.25 
3970.50 
3998.50 
4059.75 
4058.75 
4116.00 
4180.75 
4238.75 
4293.25 
4513.00 
4513.00 
4513.00 
4527.25 
4587.75 
4636.00 
4602.00 
4718.50 
4800.00 
4773.25 
5019.25 
4998.50 
5072.75 
5224.75 
5235.50 
5272.50 
5445.75 
5655.00 
5535.50 
5669.25 
5637.25 
5954.50 
5854.75 
5836.75 
6054.50 
6193.25 
6369.00 
6452.00 
6659.75 
6748.50 
6931.75 
6931.75 
6972.50 
7156.50 
7236.50 
7205.00 
7205.00 
7205.00 
7106.00 
7142.00 
7110.00 
7255.25 
6971.50 
7002.75 
7296.50 
7298.75 
7369.25 
7305.25 
8263.25 
8231.25 
8167.25 
8533.50 
8501.50 
8501.50 
8437.50 
8373.50 
8309.50 
8277.50 
8451.50 
8259.25 
8473.75 
8441.75 
8409.00 
8542.25 
8528.25 
9413.00 
9253.00 
9253.00 
9684.75 
9236.75 
9236.75 
9521.00 
9457.00 
9661.50 
9629.50 
9597.50 
9740.75 
10134.75 
10070.75 
10148.00 
10084.00 
10052.00 
10395.50 
10354.75 
10659.00 
10834.25 
10770.25 
10686.75 
10552.50 
11025.00 
10620.75
9875.75 
9891.25 
9567.25
9223.00 
9223.00 
9063.25
9063.25 
9063.25 
8981.50
9199.50 
9200.50 
9660.00
