8011 
8073 
8012 
8068 
8101 
8140 
8156 
8164 
8152 
8175 
8145 
8137 
8160 
8174 
8163 
8174 
8175 
8146 
8147 
8149 
8175 
8172 
8157 
8163 
8136 
8159 
8169 
8153 
8168 
8173 
8173 
8175 
8173 
8172 
8144 
8171 
8174 
8174 
8155 
8151 
8163 
8160 
8161 
8163 
8126 
8156 
8168 
8171 
8175 
8168 
8128 
8145 
8107 
8158 
8140 
8173 
8153 
8170 
8143 
8144 
8168 
8148 
8172 
8163 
8150 
8137 
7799 
7783 
7894 
8026 
8143 
8167 
8173 
8169 
8171 
8177 
8172 
8154 
8173 
8172 
8141 
8149 
8173 
8173 
8172 
8171 
8157 
8131 
8142 
8156 
8138 
8054 
7819 
7955 
8065 
8159 
8105 
8174 
8170 
8146 
8149 
8148 
8061 
8148 
8153 
8139 
8136 
8168 
8139 
8169 
7807 
7948 
8101 
8173 
8154 
8145 
8044 
7996 
8077 
8139 
8135 
8153 
8154 
8155 
8174 
8153 
8166 
8173 
8169 
8174 
8173 
8173 
8158 
8161 
8144 
8138 
8169 
8127 
8167 
8159 
8096 
8142 
8148 
8058 
8108 
8102 
8102 
8150 
8104 
8031 
7915 
8158 
8126 
8140 
7924 
8131 
7974 
8051 
8119 
8127 
8123 
8082 
8134 
7993 
8169 
8171 
8134 
8131 
8125 
8152 
8160 
8150 
8159 
8111 
8069 
8140 
8135 
7936 
8137 
7981 
8153 
7331 
7515 
7789 
8034 
7938 
8153 
8164 
8156 
8146 
8136 
8152 
8154 
8048 
8170 
7976 
8091 
8159 
8144 
7767 
8026 
7839 
8089 
8127 
8171 
8052 
8019 
8169 
8141 
8159 
8172 
7986 
8125 
8171 
8151 
7819 
8169 
8081 
8122 
8131 
8170 
8093 
8147 
7788 
8117
7400 
7472 
8089
8129 
8132 
8147
8144 
8091 
8131
8142 
8140 
