130 
78 
148 
117 
23 
20 
48 
31 
17 
26 
19 
16 
33 
17 
27 
31 
39 
16 
35 
51 
55 
16 
20 
59 
16 
20 
29 
20 
18 
16 
15 
14 
20 
40 
35 
30 
20 
48 
33 
22 
53 
44 
55 
28 
61 
23 
47 
41 
39 
14 
45 
56 
66 
48 
17 
23 
56 
36 
55 
18 
35 
42 
28 
34 
64 
32 
458 
340 
227 
126 
17 
48 
15 
19 
34 
20 
15 
15 
16 
19 
60 
17 
20 
17 
16 
14 
15 
17 
40 
19 
21 
428 
306 
139 
76 
270 
50 
31 
29 
44 
19 
266 
41 
27 
37 
25 
39 
42 
33 
467 
320 
167 
43 
48 
39 
53 
86 
195 
50 
50 
28 
34 
43 
18 
21 
39 
48 
53 
32 
20 
23 
29 
48 
157 
28 
33 
43 
27 
15 
91 
42 
19 
52 
219 
108 
84 
207 
67 
57 
56 
173 
39 
56 
53 
96 
23 
54 
32 
55 
158 
83 
62 
66 
142 
18 
30 
73 
22 
46 
33 
38 
67 
172 
45 
59 
57 
46 
58 
35 
84 
34 
811 
560 
276 
388 
136 
23 
37 
30 
51 
51 
152 
31 
46 
37 
71 
38 
48 
709 
304 
75 
223 
20 
36 
355 
36 
73 
16 
44 
229 
390 
60 
45 
18 
35 
214 
119 
188 
259 
35 
134 
36 
22 
82 
74 
704
152 
118 
61
40 
37 
54
46 
42 
45
