1782.2
1782.2
1782.2
1782.2
1782.2
1782.2
1782.2
1782.1
1782.1
1782.1
1782.1
1782.1
1782.2
1782.1
1782.1
1782.1
1782.1
1782.1
1782.1
1782.1
1782.1
1782.1
1782.1
1782.3
1782.3
1782.3
1782.3
1782.3
1782.3
1782.3
1782.3
1782.3
1782.3
1782.3
1782.3
1782.3
1782.4
1782.4
1782.4
1782.4
1782.4
1782.4
1782.4
1782.4
1782.4
1782.3
1782.3
1782.3
1782.3
1782.3
1782.3
1782.3
1782.3
1782.3
1782.3
1782.3
1782.3
1782.4
1782.4
1782.4
1782.4
1782.4
1782.4
1782.4
1782.4
1782.4
1782.4
1782.5
1782.5
1782.5
1782.5
1782.5
1782.5
1782.5
1782.5
1782.5
1782.5
1782.5
1782.4
1782.4
1782.4
1782.5
1782.5
1782.5
1782.5
1782.5
1782.5
1782.5
1782.5
1782.6
1782.6
1782.6
1782.5
1779.6
1774.8
1766.9
1759.3
1751.6
1741.5
1729.4
1714.8
1697.1
1668.9
1654.4
1637.2
1609.9
1582.1
1570.2
1521.1
1519.6
1393.6
1393.7
1393.7
1393.7
1393.7
1358.3
1338.5
1313.9
1288.2
1264.8
1247.5
1208.6
1190.2
1167.1
1117.3
1121.2
1094.7
1068.2
1049.1
1015.6
991.7
934.1
934.6
912.2
901.9
878.9
851.2
830.3
804.4
780.2
759.0
730.8
709.1
685.0
666.3
644.1
607.3
593.2
569.0
547.6
512.2
480.6
471.2
443.7
427.1
402.8
353.0
345.9
330.8
315.1
305.3
286.7
269.6
254.9
242.6
236.6
222.2
215.4
199.8
195.0
190.6
187.5
183.9
180.4
177.8
175.2
185.7
188.0
186.1
183.0
181.6
180.2
180.6
180.4
179.8
181.2
178.9
173.9
186.6
199.8
194.8
203.4
220.7
217.9
216.3
217.8
213.0
222.8
222.0
219.8
218.4
217.1
220.7
236.7
236.0
234.0
227.8
223.6
221.8
221.4
225.8
224.7
223.3
225.9
223.7
229.6
227.5
223.1
228.4
226.8
223.4
221.3
214.6
213.0
208.9
207.3
203.0
202.1
202.2
200.3
198.6
197.0
198.9
179.5
162.3
133.6
133.6
