2371.1
2346.9
2323.3
2298.9
2274.9
2249.4
2224.9
2200.7
2176.5
2151.7
2126.6
2102.5
2077.6
2052.7
2028.4
2003.1
1977.9
1954.5
1930.6
1905.7
1880.3
1855.9
1832.1
1807.9
1783.5
1760.3
1736.2
1711.6
1686.8
1661.6
1637.3
1613.0
1589.0
1564.1
1540.0
1515.1
1490.9
1467.6
1444.1
1419.5
1395.4
1371.8
1347.9
1323.4
1299.7
1275.6
1251.5
1226.5
1202.6
1177.9
1153.3
1128.3
1103.8
1079.5
1054.8
1030.0
1005.6
983.6
959.5
935.0
911.1
886.2
849.7
826.9
803.0
778.0
753.6
728.8
704.5
680.6
655.8
631.0
605.6
581.0
556.5
532.8
508.0
483.5
458.2
433.5
408.8
384.8
360.0
335.0
322.9
298.6
274.9
249.7
225.5
200.7
176.2
150.6
125.5
119.6
113.6
118.8
118.8
114.2
114.7
116.5
118.2
116.3
125.9
115.5
111.2
118.4
118.8
111.5
135.4
111.2
213.1
188.0
163.0
138.0
113.5
123.4
118.5
118.1
119.2
118.2
110.4
124.2
118.8
119.1
143.6
119.0
120.0
123.6
117.9
127.4
126.6
160.8
135.0
140.1
124.6
122.1
124.9
122.1
124.7
123.7
121.7
123.9
120.4
120.9
114.2
113.2
124.7
114.3
114.2
113.5
123.5
131.0
115.5
118.2
112.4
116.2
146.7
128.7
125.4
128.5
120.4
123.8
125.8
120.4
119.4
113.1
121.6
117.1
124.1
122.2
122.7
119.0
122.5
119.2
113.9
112.4
110.9
117.6
119.5
124.8
122.5
117.1
113.4
127.1
111.3
131.0
110.2
120.8
110.9
110.9
118.5
110.8
122.1
121.8
116.4
112.0
122.7
118.5
112.8
121.7
118.9
120.9
121.2
121.7
117.9
118.4
120.6
123.6
116.2
113.4
113.2
118.4
115.9
112.4
112.8
120.4
107.8
130.0
125.7
110.4
116.2
113.0
120.3
115.1
124.0
110.5
125.3
112.7
112.6
116.9
121.0
116.5
114.7
124.7
116.2
118.9
98.7
