1792.2
1816.4
1840.0
1864.4
1888.4
1913.9
1938.3
1962.6
1986.8
2011.7
2036.8
2060.8
2085.7
2110.7
2134.9
2160.2
2185.4
2208.9
2232.8
2257.7
2283.0
2307.4
2331.2
2355.2
2379.6
2402.8
2427.0
2451.5
2476.4
2501.6
2525.8
2550.1
2574.2
2599.1
2623.1
2648.0
2672.2
2695.5
2718.9
2743.6
2767.7
2791.3
2815.2
2839.7
2863.4
2887.5
2911.6
2936.6
2960.6
2985.2
3009.8
3034.9
3059.3
3083.6
3108.3
3133.1
3157.5
3179.5
3203.6
3228.1
3252.0
3276.8
3313.4
3336.2
3360.1
3385.0
3409.4
3434.1
3458.5
3482.3
3507.1
3532.0
3557.4
3582.0
3606.5
3630.2
3655.0
3679.4
3704.9
3729.6
3754.2
3778.2
3803.0
3827.9
3840.0
3864.4
3888.0
3913.2
3937.4
3962.2
3986.7
4012.3
4037.5
4046.3
4057.1
4059.8
4067.4
4079.6
4089.2
4099.5
4112.5
4132.1
4150.6
4175.5
4197.0
4217.1
4244.6
4263.7
4288.9
4314.7
4338.7
4363.7
4388.8
4413.7
4438.2
4463.8
4488.4
4513.4
4538.0
4562.4
4587.6
4612.6
4636.4
4659.3
4684.6
4705.3
4730.7
4753.6
4778.5
4802.5
4827.2
4850.6
4875.8
4893.1
4918.9
4944.5
4969.3
4993.0
5016.4
5041.5
5064.8
5090.8
5116.0
5139.6
5165.0
5188.1
5213.5
5237.9
5262.2
5284.4
5309.8
5333.8
5358.7
5383.5
5406.0
5426.5
5445.8
5470.9
5489.3
5501.8
5519.7
5535.0
5550.1
5570.2
5583.5
5595.8
5601.6
5613.0
5621.6
5628.3
5632.1
5638.9
5639.0
5645.9
5653.8
5657.8
5648.9
5639.8
5639.8
5637.7
5641.3
5648.1
5651.4
5638.0
5654.3
5633.2
5656.4
5650.8
5647.9
5634.8
5632.1
5631.2
5602.6
5605.7
5612.7
5615.6
5609.7
5604.1
5610.6
5604.0
5608.2
5607.4
5603.6
5587.1
5591.5
5593.0
5597.1
5598.2
5607.5
5610.7
5606.4
5602.3
5606.3
5607.2
5609.0
5595.5
5610.1
5592.4
5591.4
5608.2
5605.8
5611.2
5610.5
5617.3
5612.6
5627.7
5617.2
5630.6
5630.7
5628.2
5625.8
5631.9
5631.9
5641.2
5667.0
5692.9
5713.2
