424.2
424.2
424.2
424.2
424.2
424.2
424.2
424.2
424.2
424.2
424.2
424.2
424.2
424.2
424.2
424.2
424.2
424.2
424.2
424.2
424.2
424.2
424.2
424.2
424.2
424.2
424.2
424.2
424.2
424.2
424.2
424.2
424.2
424.2
424.2
424.2
424.2
424.2
424.2
424.2
424.2
424.2
424.2
424.2
424.2
424.2
424.2
424.2
424.2
424.2
424.2
424.2
424.2
424.2
424.2
424.2
424.2
424.2
424.2
424.2
424.2
424.2
424.2
424.2
424.2
424.2
424.2
424.2
424.2
424.2
424.2
424.2
424.2
424.2
424.2
424.2
424.2
424.2
424.2
424.2
424.2
424.2
424.2
424.2
424.2
424.2
424.2
424.2
424.2
424.2
424.2
424.2
424.2
424.2
424.2
424.2
424.2
424.2
424.2
424.2
424.2
424.2
424.2
424.2
424.2
424.2
424.2
424.2
424.2
424.2
424.2
424.2
424.2
424.2
424.2
424.2
424.2
424.2
424.2
424.2
424.4
424.4
424.4
424.4
424.4
424.4
424.4
424.4
424.4
424.2
424.2
424.2
424.2
424.2
424.2
424.2
424.2
424.4
424.4
424.7
424.7
425.7
427.4
427.4
427.4
427.9
428.2
428.2
428.2
428.7
431.2
431.9
432.2
432.9
433.4
436.7
441.9
446.4
450.9
461.2
467.4
476.9
484.2
489.4
499.9
507.9
527.2
536.4
550.4
567.2
584.7
600.6
624.9
642.4
657.6
681.7
712.9
749.9
774.6
801.1
828.7
846.0
865.7
905.7
913.2
958.5
959.5
986.6
1011.7
1046.1
1072.8
1095.0
1137.0
1155.8
1175.3
1193.8
1224.8
1250.6
1271.4
1299.5
1321.3
1343.4
1367.2
1406.3
1426.8
1448.8
1469.6
1492.9
1509.9
1526.8
1551.3
1577.0
1593.3
1616.1
1638.4
1668.8
1680.3
1717.4
1744.4
1754.0
1782.8
1804.1
1830.5
1845.8
1872.6
1882.2
1917.8
1927.2
1951.5
1977.9
2000.9
2018.3
2035.9
2047.9
2048.0
2048.0
2048.0
