3807.3
3783.2
3759.6
3735.1
3711.2
3685.7
3661.3
3637.0
3612.8
3587.9
3562.8
3538.8
3513.9
3489.0
3464.7
3439.4
3414.2
3390.8
3366.9
3342.0
3316.6
3292.2
3268.4
3244.3
3219.9
3196.7
3172.5
3148.0
3123.1
3097.9
3073.7
3049.4
3025.3
3000.4
2976.4
2951.5
2927.3
2904.0
2880.6
2855.9
2831.8
2808.2
2784.3
2759.8
2736.1
2712.1
2687.9
2662.9
2639.0
2614.3
2589.7
2564.8
2540.3
2516.0
2491.3
2466.4
2442.1
2420.1
2396.0
2371.5
2347.6
2322.8
2286.2
2263.4
2239.5
2214.6
2190.2
2165.4
2141.0
2117.2
2092.4
2067.5
2042.2
2017.6
1993.1
1969.4
1944.6
1920.1
1894.8
1870.1
1845.4
1821.4
1796.6
1771.7
1759.6
1735.2
1711.5
1686.4
1662.1
1637.3
1612.8
1587.3
1562.2
1553.4
1542.9
1540.5
1533.8
1522.3
1513.0
1501.7
1492.1
1473.3
1456.2
1432.1
1411.1
1392.2
1365.8
1344.2
1319.4
1293.1
1269.6
1244.6
1219.6
1194.6
1170.1
1145.3
1121.0
1096.9
1072.8
1049.4
1026.3
1004.0
980.7
960.6
938.1
913.9
889.2
867.2
843.4
820.0
795.9
773.1
747.4
730.3
704.4
679.9
655.8
632.2
609.4
584.1
560.8
537.7
512.7
489.3
463.9
441.1
415.9
391.4
365.2
342.0
316.9
292.9
268.2
243.4
220.9
200.6
188.8
163.3
145.4
132.4
115.4
109.5
102.9
90.2
83.6
73.9
76.7
68.8
68.0
63.9
62.2
57.1
58.7
53.5
47.0
44.4
47.9
55.9
56.9
61.1
58.0
52.2
48.7
63.2
47.2
67.3
46.9
55.0
51.4
58.1
63.2
59.8
78.1
76.7
70.4
66.8
75.2
75.8
69.8
77.6
74.1
75.4
77.1
85.9
81.9
81.4
80.4
81.3
72.9
70.2
72.0
76.7
73.5
71.2
70.6
80.9
67.6
87.6
85.5
69.5
73.9
70.2
75.0
69.4
76.5
62.3
74.9
61.9
61.9
65.2
68.1
63.2
60.5
60.2
43.2
31.5
11.1
