1623.8
1623.8
1623.8
1623.8
1623.8
1623.8
1623.8
1623.8
1623.8
1623.8
1623.8
1623.8
1623.8
1623.8
1623.8
1623.8
1623.8
1623.8
1623.8
1623.8
1623.8
1623.8
1623.8
1623.8
1623.8
1623.8
1623.8
1623.8
1623.8
1623.8
1623.8
1623.8
1623.8
1623.8
1623.8
1623.8
1623.8
1623.8
1623.8
1623.8
1623.8
1623.8
1623.8
1623.8
1623.8
1623.8
1623.8
1623.8
1623.8
1623.8
1623.8
1623.8
1623.8
1623.8
1623.8
1623.8
1623.8
1623.8
1623.8
1623.8
1623.8
1623.8
1623.8
1623.8
1623.8
1623.8
1623.8
1623.8
1623.8
1623.8
1623.8
1623.8
1623.8
1623.8
1623.8
1623.8
1623.8
1623.8
1623.8
1623.8
1623.8
1623.8
1623.8
1623.8
1623.8
1623.8
1623.8
1623.8
1623.8
1623.8
1623.8
1623.8
1623.8
1623.8
1623.8
1623.8
1623.8
1623.8
1623.8
1623.8
1623.8
1623.8
1623.8
1623.8
1623.8
1623.8
1623.8
1623.8
1623.8
1623.8
1623.8
1623.8
1623.8
1623.8
1623.8
1623.8
1623.8
1623.8
1623.8
1623.8
1623.6
1623.6
1623.6
1623.6
1623.6
1623.6
1623.6
1623.6
1623.6
1623.8
1623.8
1623.8
1623.8
1623.8
1623.8
1623.8
1623.8
1623.6
1623.6
1623.3
1623.3
1622.3
1620.6
1620.6
1620.6
1620.1
1619.8
1619.8
1619.8
1619.3
1616.8
1616.1
1615.8
1615.1
1614.6
1611.3
1606.1
1601.6
1597.1
1586.8
1580.6
1571.1
1563.8
1558.6
1548.1
1540.1
1520.8
1511.6
1497.6
1480.8
1463.3
1447.4
1423.1
1405.6
1390.4
1366.3
1335.1
1298.1
1273.4
1246.9
1219.3
1202.0
1182.3
1142.3
1134.8
1089.5
1088.5
1061.4
1036.3
1001.9
975.2
953.0
911.0
892.2
872.7
854.2
823.2
797.4
776.6
748.5
726.7
704.6
680.8
641.7
621.2
599.2
578.4
555.1
538.1
521.2
496.7
471.0
454.7
431.9
409.6
379.2
367.7
330.6
303.6
294.0
265.2
243.9
217.5
202.2
175.4
165.8
130.2
120.8
96.5
70.1
47.1
29.7
12.1
0.1
0.0
0.0
0.0
