4218.9
4165.8
4112.6
4060.0
4010.1
3959.3
3905.4
3853.9
3802.0
3754.6
3702.4
3651.2
3599.5
3546.0
3493.1
3441.9
3389.2
3335.6
3283.1
3229.0
3162.3
3102.2
3051.3
2996.2
2943.5
2893.1
2840.8
2787.0
2733.7
2683.4
2627.8
2573.5
2519.5
2468.2
2426.1
2373.6
2324.2
2274.8
2223.1
2171.0
2117.0
2067.2
2015.9
1962.6
1909.4
1855.5
1803.8
1750.9
1696.7
1641.8
1589.6
1534.4
1482.6
1431.3
1379.1
1326.6
1270.8
1210.1
1158.2
1102.8
1050.8
998.6
944.3
889.1
837.1
779.3
725.2
672.8
618.7
565.0
512.1
458.6
416.3
362.1
308.5
255.3
201.5
147.7
126.8
114.9
120.3
143.2
121.6
113.0
119.5
126.7
121.0
113.1
113.2
128.3
120.0
111.6
138.0
110.0
124.9
118.5
112.3
123.8
120.1
115.0
121.3
110.2
110.6
110.2
119.3
116.6
112.5
112.8
114.4
113.4
2577.8
2445.4
2384.7
2349.2
2319.0
2289.6
2261.0
2233.0
2200.5
2171.3
2145.0
2116.9
2090.0
2062.9
2035.3
2007.6
1978.6
1950.9
1923.3
1893.3
1863.7
1834.7
1807.6
1777.6
1749.5
1721.2
1677.8
1636.4
1612.5
1583.2
1556.3
1529.0
1499.0
1470.9
1442.7
1413.3
1385.0
1356.5
1330.9
1304.5
1277.9
1249.8
1221.4
1195.3
1168.6
1141.3
1114.5
1087.4
1058.5
1032.7
1003.3
977.1
948.6
920.7
895.1
866.3
838.0
809.7
781.6
755.9
729.4
700.9
672.2
645.1
616.1
594.3
567.3
539.5
512.7
484.4
456.0
427.9
402.3
374.9
346.4
316.5
287.7
259.0
231.3
202.5
174.6
146.0
118.2
122.0
111.0
114.5
123.0
122.2
120.8
126.8
126.7
129.8
114.3
114.0
121.3
117.9
118.4
115.2
110.1
120.3
118.9
93.4
