1290.7
1343.8
1396.9
1449.5
1502.4
1553.2
1605.6
1656.8
1708.0
1755.3
1807.2
1858.4
1910.3
1963.8
2013.5
2064.7
2117.4
2170.9
2223.4
2277.5
2344.1
2399.4
2450.3
2505.4
2558.0
2608.5
2662.8
2716.6
2769.8
2820.2
2875.8
2930.1
2984.0
3038.4
3080.4
3132.9
3182.4
3231.8
3283.5
3335.5
3389.5
3439.3
3490.7
3544.0
3597.1
3651.0
3702.4
3755.4
3809.2
3864.1
3916.3
3971.5
4023.3
4074.6
4126.8
4179.3
4231.8
4289.5
4341.4
4396.8
4448.9
4501.3
4555.5
4607.7
4658.7
4714.4
4768.5
4820.9
4872.6
4926.4
4979.2
5032.8
5074.9
5129.2
5182.7
5235.9
5289.7
5343.5
5380.0
5426.1
5451.9
5483.7
5532.2
5580.0
5615.1
5631.1
5639.6
5653.9
5665.6
5669.6
5683.0
5698.5
5684.1
5703.4
5689.6
5696.8
5699.6
5688.8
5684.6
5673.0
5667.6
5678.0
5679.7
5680.4
5673.5
5677.1
5682.3
5679.1
5679.0
5744.8
3214.8
3273.3
3306.0
3341.2
3369.8
3398.2
3425.3
3452.8
3482.7
3511.0
3536.7
3564.8
3591.6
3618.8
3646.3
3674.0
3703.0
3729.8
3757.4
3787.0
3816.6
3845.5
3872.7
3902.6
3930.4
3958.5
3988.6
4025.8
4053.3
4082.5
4109.4
4136.5
4166.5
4194.0
4222.1
4251.4
4279.7
4308.2
4333.8
4360.3
4386.9
4414.9
4443.3
4469.2
4495.9
4523.2
4550.0
4577.0
4605.9
4631.7
4661.0
4687.2
4715.7
4743.6
4769.2
4798.0
4826.3
4854.6
4882.6
4911.2
4937.9
4966.4
4995.1
5022.2
5050.7
5075.7
5103.5
5131.1
5157.6
5185.9
5214.3
5242.4
5268.1
5295.5
5323.9
5353.9
5382.7
5411.3
5439.1
5467.8
5495.7
5524.3
5552.1
5563.7
5578.4
5581.9
5585.2
5595.7
5611.7
5625.4
5637.1
5645.7
5666.5
5678.1
5663.9
5657.6
5664.3
5669.6
5677.2
5708.3
5735.8
5766.8
