435.9
435.9
435.9
435.9
432.9
433.0
434.4
434.8
435.4
435.6
435.8
435.8
435.7
435.6
438.8
438.9
438.9
438.9
438.9
438.9
439.0
443.8
443.9
443.9
443.9
443.9
441.9
441.9
441.9
441.9
441.9
441.9
441.9
438.9
438.9
438.9
438.9
438.9
438.9
438.9
438.9
438.9
438.9
438.9
439.0
439.0
439.2
439.2
439.5
439.5
439.5
439.5
439.5
439.5
439.6
439.6
442.8
445.9
445.9
445.9
445.7
445.6
445.6
448.6
449.7
451.7
451.7
451.8
454.1
454.1
454.1
454.1
454.2
454.2
454.2
454.2
454.2
454.2
438.7
404.5
373.3
318.5
291.7
252.4
210.8
187.6
184.9
178.5
166.7
147.6
142.4
135.4
123.3
132.1
131.0
130.1
133.6
132.9
140.7
157.5
156.5
157.2
155.2
154.8
152.7
151.8
150.6
153.5
152.0
87.3
152.9
226.7
254.8
255.0
256.7
257.7
259.2
259.6
262.3
263.2
263.8
263.8
263.8
263.8
263.8
263.8
263.8
264.8
264.7
265.1
265.1
265.2
265.2
265.2
265.5
265.8
279.0
283.3
279.6
279.7
279.7
279.9
280.0
280.6
280.7
280.7
280.7
280.7
280.7
280.7
280.7
280.7
280.7
280.9
280.9
281.0
281.0
281.0
281.0
281.1
281.2
281.1
281.1
281.1
281.2
281.2
281.2
281.2
281.2
278.3
278.2
278.2
278.2
278.2
278.7
275.5
274.7
274.9
275.1
275.1
275.1
275.1
275.1
275.1
275.1
275.1
275.1
275.1
275.1
275.1
275.1
275.1
275.1
259.7
256.1
249.0
237.2
227.6
212.9
193.2
181.7
170.0
164.6
153.4
160.2
169.9
162.8
160.7
158.1
116.9
90.7
85.2
