856.6
856.6
856.6
856.6
856.6
856.6
856.6
856.6
856.6
856.6
856.6
856.6
856.6
856.6
856.6
856.6
856.6
856.6
856.6
856.6
856.6
855.3
855.3
855.3
855.3
855.3
855.3
855.3
855.3
855.3
855.3
855.3
855.3
855.3
855.3
855.3
855.3
855.3
855.3
855.3
855.3
855.3
855.3
855.3
855.3
855.1
855.1
855.1
855.1
855.1
855.1
855.1
855.1
855.1
855.1
855.1
855.1
852.8
852.8
852.8
852.8
852.8
852.8
851.8
851.3
850.8
850.8
850.8
850.8
850.8
850.8
850.8
850.8
850.8
850.8
850.8
850.8
850.6
858.6
864.9
882.4
886.8
888.2
889.2
898.0
939.0
987.6
1026.3
1077.2
1114.1
1145.5
1180.1
1241.6
1265.5
1325.9
1365.8
1406.2
1469.3
1524.6
1584.7
1639.8
1687.6
1739.5
1784.9
1840.9
1884.8
1924.8
1988.1
2045.9
2048.0
1773.0
1762.5
1749.0
1741.5
1740.5
1740.5
1740.0
1738.2
1737.5
1737.2
1736.7
1736.2
1736.0
1735.7
1735.7
1735.5
1735.2
1735.0
1734.7
1734.5
1730.5
1730.5
1730.5
1730.5
1729.7
1729.7
1721.5
1706.5
1708.9
1708.9
1708.9
1708.9
1708.7
1708.4
1708.4
1708.4
1708.4
1708.4
1708.4
1708.4
1708.4
1708.4
1708.4
1707.9
1707.7
1707.4
1707.4
1707.4
1707.4
1707.2
1706.9
1706.9
1706.9
1706.9
1706.9
1706.9
1706.9
1706.9
1706.9
1706.9
1706.7
1706.7
1706.7
1706.7
1706.7
1711.8
1712.7
1712.7
1712.7
1712.7
1712.7
1712.7
1712.0
1711.7
1711.7
1711.7
1711.7
1711.7
1711.7
1711.7
1711.7
1711.7
1711.7
1738.6
1752.6
1779.2
1803.7
1825.9
1835.8
1851.8
1866.9
1888.0
1896.3
1915.3
1950.8
1984.8
2004.8
2030.0
2048.0
2048.0
2048.0
2048.0
