1191.4
1191.4
1191.4
1191.4
1191.4
1191.4
1191.4
1191.4
1191.4
1191.4
1191.4
1191.4
1191.4
1191.4
1191.4
1191.4
1191.4
1191.4
1191.4
1191.4
1191.4
1192.7
1192.7
1192.7
1192.7
1192.7
1192.7
1192.7
1192.7
1192.7
1192.7
1192.7
1192.7
1192.7
1192.7
1192.7
1192.7
1192.7
1192.7
1192.7
1192.7
1192.7
1192.7
1192.7
1192.7
1192.9
1192.9
1192.9
1192.9
1192.9
1192.9
1192.9
1192.9
1192.9
1192.9
1192.9
1192.9
1195.2
1195.2
1195.2
1195.2
1195.2
1195.2
1196.2
1196.7
1197.2
1197.2
1197.2
1197.2
1197.2
1197.2
1197.2
1197.2
1197.2
1197.2
1197.2
1197.2
1197.4
1189.4
1183.1
1165.6
1161.2
1159.8
1158.8
1150.0
1109.0
1060.4
1021.7
970.8
933.9
902.5
867.9
806.4
782.5
722.1
682.2
641.8
578.7
523.4
463.3
408.2
360.3
308.5
263.1
207.1
163.2
123.2
59.9
2.1
0.0
275.0
285.5
299.0
306.5
307.5
307.5
308.0
309.8
310.5
310.8
311.3
311.8
312.0
312.3
312.3
312.5
312.8
313.0
313.3
313.5
317.5
317.5
317.5
317.5
318.3
318.3
326.5
341.5
339.1
339.1
339.1
339.1
339.3
339.6
339.6
339.6
339.6
339.6
339.6
339.6
339.6
339.6
339.6
340.1
340.3
340.6
340.6
340.6
340.6
340.8
341.1
341.1
341.1
341.1
341.1
341.1
341.1
341.1
341.1
341.1
341.3
341.3
341.3
341.3
341.3
336.2
335.3
335.3
335.3
335.3
335.3
335.3
336.0
336.3
336.3
336.3
336.3
336.3
336.3
336.3
336.3
336.3
336.3
309.4
295.4
268.8
244.3
222.1
212.2
196.2
181.1
160.0
151.7
132.7
97.2
63.2
43.2
18.0
0.0
0.0
0.0
0.0
