4358.6
4305.2
4252.3
4199.7
4149.9
4099.1
4046.6
3995.3
3944.1
3896.8
3845.0
3793.8
3742.1
3688.6
3635.7
3584.5
3531.8
3478.3
3425.7
3371.6
3305.1
3247.8
3197.0
3141.8
3089.2
3038.8
2986.4
2932.6
2879.4
2829.0
2773.4
2719.2
2665.2
2613.8
2571.8
2519.3
2469.8
2420.4
2368.8
2316.7
2262.8
2212.9
2161.6
2108.3
2055.2
2001.2
1949.7
1896.8
1843.0
1788.1
1735.9
1680.7
1628.9
1577.6
1525.4
1472.9
1417.1
1359.2
1307.6
1252.1
1200.2
1148.0
1093.7
1041.3
990.4
934.7
880.6
828.3
776.5
722.8
669.9
616.3
574.2
519.9
466.4
413.3
359.4
305.6
269.3
223.6
198.3
166.2
117.2
85.4
71.1
71.9
67.7
58.4
61.2
70.7
59.7
48.0
68.4
44.6
58.8
52.2
47.6
58.9
58.7
62.0
68.2
57.4
56.8
56.3
64.2
61.1
56.6
58.4
59.3
25.8
2523.9
2428.2
2386.5
2351.6
2323.4
2295.0
2268.1
2240.5
2210.5
2182.3
2156.6
2128.4
2101.6
2074.4
2046.9
2019.2
1990.2
1963.1
1935.9
1906.2
1876.6
1847.7
1820.6
1790.6
1762.7
1734.7
1701.7
1661.5
1635.0
1606.0
1579.1
1552.0
1522.0
1494.6
1466.5
1437.2
1408.9
1380.4
1354.8
1328.3
1301.8
1273.7
1245.3
1219.2
1192.7
1165.4
1138.6
1111.5
1082.7
1056.9
1027.6
1001.4
972.9
945.1
919.5
890.6
862.3
834.0
806.0
780.3
753.7
725.2
696.5
669.4
640.9
616.6
588.4
560.6
534.1
505.8
477.4
449.3
423.7
396.3
367.8
337.8
309.1
280.4
252.7
223.9
196.0
167.4
139.6
128.6
113.7
110.6
109.0
103.2
94.5
90.8
84.4
81.9
63.9
58.1
68.1
68.5
65.4
61.1
54.7
44.2
29.6
1.0
